821
-8.2
-8.18
-8.16
-8.14
-8.12
-8.1
-8.08
-8.06
-8.04
-8.02
-8
-7.98
-7.96
-7.94
-7.92
-7.9
-7.88
-7.86
-7.84
-7.82
-7.8
-7.78
-7.76
-7.74
-7.72
-7.7
-7.68
-7.66
-7.64
-7.62
-7.6
-7.58
-7.56
-7.54
-7.52
-7.5
-7.48
-7.46
-7.44
-7.42
-7.4
-7.38
-7.36
-7.34
-7.32
-7.3
-7.28
-7.26
-7.24
-7.22
-7.2
-7.18
-7.16
-7.14
-7.12
-7.1
-7.08
-7.06
-7.04
-7.02
-7
-6.98
-6.96
-6.94
-6.92
-6.9
-6.88
-6.86
-6.84
-6.82
-6.8
-6.78
-6.76
-6.74
-6.72
-6.7
-6.68
-6.66
-6.64
-6.62
-6.6
-6.58
-6.56
-6.54
-6.52
-6.5
-6.48
-6.46
-6.44
-6.42
-6.4
-6.38
-6.36
-6.34
-6.32
-6.3
-6.28
-6.26
-6.24
-6.22
-6.2
-6.18
-6.16
-6.14
-6.12
-6.1
-6.08
-6.06
-6.04
-6.02
-6
-5.98
-5.96
-5.94
-5.92
-5.9
-5.88
-5.86
-5.84
-5.82
-5.8
-5.78
-5.76
-5.74
-5.72
-5.7
-5.68
-5.66
-5.64
-5.62
-5.6
-5.58
-5.56
-5.54
-5.52
-5.5
-5.48
-5.46
-5.44
-5.42
-5.4
-5.38
-5.36
-5.34
-5.32
-5.3
-5.28
-5.26
-5.24
-5.22
-5.2
-5.18
-5.16
-5.14
-5.12
-5.1
-5.08
-5.06
-5.04
-5.02
-5
-4.98
-4.96
-4.94
-4.92
-4.9
-4.88
-4.86
-4.84
-4.82
-4.8
-4.78
-4.76
-4.74
-4.72
-4.7
-4.68
-4.66
-4.64
-4.62
-4.6
-4.58
-4.56
-4.54
-4.52
-4.5
-4.48
-4.46
-4.44
-4.42
-4.4
-4.38
-4.36
-4.34
-4.32
-4.3
-4.28
-4.26
-4.24
-4.22
-4.2
-4.18
-4.16
-4.14
-4.12
-4.1
-4.08
-4.06
-4.04
-4.02
-4
-3.98
-3.96
-3.94
-3.92
-3.9
-3.88
-3.86
-3.84
-3.82
-3.8
-3.78
-3.76
-3.74
-3.72
-3.7
-3.68
-3.66
-3.64
-3.62
-3.6
-3.58
-3.56
-3.54
-3.52
-3.5
-3.48
-3.46
-3.44
-3.42
-3.4
-3.38
-3.36
-3.34
-3.32
-3.3
-3.28
-3.26
-3.24
-3.22
-3.2
-3.18
-3.16
-3.14
-3.12
-3.1
-3.08
-3.06
-3.04
-3.02
-3
-2.98
-2.96
-2.94
-2.92
-2.9
-2.88
-2.86
-2.84
-2.82
-2.8
-2.78
-2.76
-2.74
-2.72
-2.7
-2.68
-2.66
-2.64
-2.62
-2.6
-2.58
-2.56
-2.54
-2.52
-2.5
-2.48
-2.46
-2.44
-2.42
-2.4
-2.38
-2.36
-2.34
-2.32
-2.3
-2.28
-2.26
-2.24
-2.22
-2.2
-2.18
-2.16
-2.14
-2.12
-2.1
-2.08
-2.06
-2.04
-2.02
-2
-1.98
-1.96
-1.94
-1.92
-1.9
-1.88
-1.86
-1.84
-1.82
-1.8
-1.78
-1.76
-1.74
-1.72
-1.7
-1.68
-1.66
-1.64
-1.62
-1.6
-1.58
-1.56
-1.54
-1.52
-1.5
-1.48
-1.46
-1.44
-1.42
-1.4
-1.38
-1.36
-1.34
-1.32
-1.3
-1.28
-1.26
-1.24
-1.22
-1.2
-1.18
-1.16
-1.14
-1.12
-1.1
-1.08
-1.06
-1.04
-1.02
-1
-0.98
-0.96
-0.94
-0.92
-0.9
-0.88
-0.86
-0.84
-0.82
-0.8
-0.78
-0.76
-0.74
-0.72
-0.7
-0.68
-0.66
-0.64
-0.62
-0.6
-0.58
-0.56
-0.54
-0.52
-0.5
-0.48
-0.46
-0.44
-0.42
-0.4
-0.38
-0.36
-0.34
-0.32
-0.3
-0.28
-0.26
-0.24
-0.22
-0.2
-0.18
-0.16
-0.14
-0.12
-0.1
-0.08
-0.06
-0.04
-0.02
0
0.02
0.04
0.06
0.08
0.1
0.12
0.14
0.16
0.18
0.2
0.22
0.24
0.26
0.28
0.3
0.32
0.34
0.36
0.38
0.4
0.42
0.44
0.46
0.48
0.5
0.52
0.54
0.56
0.58
0.6
0.62
0.64
0.66
0.68
0.7
0.72
0.74
0.76
0.78
0.8
0.82
0.84
0.86
0.88
0.9
0.92
0.94
0.96
0.98
1
1.02
1.04
1.06
1.08
1.1
1.12
1.14
1.16
1.18
1.2
1.22
1.24
1.26
1.28
1.3
1.32
1.34
1.36
1.38
1.4
1.42
1.44
1.46
1.48
1.5
1.52
1.54
1.56
1.58
1.6
1.62
1.64
1.66
1.68
1.7
1.72
1.74
1.76
1.78
1.8
1.82
1.84
1.86
1.88
1.9
1.92
1.94
1.96
1.98
2
2.02
2.04
2.06
2.08
2.1
2.12
2.14
2.16
2.18
2.2
2.22
2.24
2.26
2.28
2.3
2.32
2.34
2.36
2.38
2.4
2.42
2.44
2.46
2.48
2.5
2.52
2.54
2.56
2.58
2.6
2.62
2.64
2.66
2.68
2.7
2.72
2.74
2.76
2.78
2.8
2.82
2.84
2.86
2.88
2.9
2.92
2.94
2.96
2.98
3
3.02
3.04
3.06
3.08
3.1
3.12
3.14
3.16
3.18
3.2
3.22
3.24
3.26
3.28
3.3
3.32
3.34
3.36
3.38
3.4
3.42
3.44
3.46
3.48
3.5
3.52
3.54
3.56
3.58
3.6
3.62
3.64
3.66
3.68
3.7
3.72
3.74
3.76
3.78
3.8
3.82
3.84
3.86
3.88
3.9
3.92
3.94
3.96
3.98
4
4.02
4.04
4.06
4.08
4.1
4.12
4.14
4.16
4.18
4.2
4.22
4.24
4.26
4.28
4.3
4.32
4.34
4.36
4.38
4.4
4.42
4.44
4.46
4.48
4.5
4.52
4.54
4.56
4.58
4.6
4.62
4.64
4.66
4.68
4.7
4.72
4.74
4.76
4.78
4.8
4.82
4.84
4.86
4.88
4.9
4.92
4.94
4.96
4.98
5
5.02
5.04
5.06
5.08
5.1
5.12
5.14
5.16
5.18
5.2
5.22
5.24
5.26
5.28
5.3
5.32
5.34
5.36
5.38
5.4
5.42
5.44
5.46
5.48
5.5
5.52
5.54
5.56
5.58
5.6
5.62
5.64
5.66
5.68
5.7
5.72
5.74
5.76
5.78
5.8
5.82
5.84
5.86
5.88
5.9
5.92
5.94
5.96
5.98
6
6.02
6.04
6.06
6.08
6.1
6.12
6.14
6.16
6.18
6.2
6.22
6.24
6.26
6.28
6.3
6.32
6.34
6.36
6.38
6.4
6.42
6.44
6.46
6.48
6.5
6.52
6.54
6.56
6.58
6.6
6.62
6.64
6.66
6.68
6.7
6.72
6.74
6.76
6.78
6.8
6.82
6.84
6.86
6.88
6.9
6.92
6.94
6.96
6.98
7
7.02
7.04
7.06
7.08
7.1
7.12
7.14
7.16
7.18
7.2
7.22
7.24
7.26
7.28
7.3
7.32
7.34
7.36
7.38
7.4
7.42
7.44
7.46
7.48
7.5
7.52
7.54
7.56
7.58
7.6
7.62
7.64
7.66
7.68
7.7
7.72
7.74
7.76
7.78
7.8
7.82
7.84
7.86
7.88
7.9
7.92
7.94
7.96
7.98
8
8.02
8.04
8.06
8.08
8.1
8.12
8.14
8.16
8.18
8.2
