793.25 644
800.1667 626.25 
807.0833 611.8333 
814 593.9167 
821 578.1667 
827.9167 564.3333 
834.8334 551.5833 
841.8334 538.0833 
848.75 524.8333 
855.6667 515.4167 
862.6667 505.5 
869.5834 497.5 
876.5 489.75 
883.5 486.25 
890.4167 484.9167 
897.3334 486 
904.3334 485.9167 
911.25 485.5833 
918.1667 484.1667 
925.1667 482.5 
932.0834 480.25 
939 477.1667 
946 474.5 
952.9167 473.75 
959.8334 488.0833 
966.8334 624 
973.75 487.6667 
980.6667 474.1667 
987.5834 474.5 
994.5834 478.0833 
1001.5 479.75 
1008.4167 483 
1015.4167 484.5833 
1022.3334 486.25 
1029.25 485.6667 
1036.25 484.75 
1043.1667 485.75 
1050.0834 487.3333 
1057.0834 489.3333 
1064 497.8333 
1070.9167 506.6667 
1077.9167 515.75 
1084.8333 525.5 
1091.75 537 
1098.75 550.6667 
1105.6667 562.4167 
1112.5834 579 
1119.5834 595.75 
1126.5 612.5 
1133.4167 631.3333 
1140.4167 645.5833 
1140.5 645.8333 